,0,1,2,3,4,5
0,-0.4160096885232043,-1.7433568431321513,0.13754657313091806,0.13250973218556866,1,"[('L', 4, 0.7), ('R', 3, -0.7)]"
1,-1.1430169111851116,-1.282963310614858,0.42173370769893376,0.659038469346772,2,"[('R', 4, 0.7)]"
2,-0.29484181807955345,-0.8225697780975647,0.25122142695812444,0.13250973218556866,1,"[('L', 4, 0.7), ('R', 3, -0.7)]"
3,2.249683461237124,1.7095946507475455,1.672157099798203,1.3171993907982766,2,"[('R', 4, 0.7)]"
4,0.18982966369505214,0.7888075857129598,0.42173370769893376,0.5274062850564712,1,"[('L', 4, 0.7), ('R', 3, -0.7)]"
5,-0.052506077192250644,2.169988183264839,-1.4539013804499696,-1.3154442950077407,0,"[('L', 4, 0.7), ('L', 3, -0.7)]"
6,0.6745011454696578,-0.36217624558027245,0.3080588538717274,0.13250973218556866,1,"[('L', 4, 0.7), ('R', 3, -0.7)]"
7,-0.1736739476359015,-1.282963310614858,0.7059208422669494,1.0539350222176747,2,"[('R', 4, 0.7)]"
8,-0.052506077192250644,-0.8225697780975647,0.08070914621731488,0.0008775478952676988,1,"[('L', 4, 0.7), ('R', 3, -0.7)]"
9,1.1591726272442622,-0.1319794793216258,0.9901079768349651,1.1855672065079756,2,"[('R', 4, 0.7)]"
10,-0.052506077192250644,-0.8225697780975647,0.7627582691805523,0.9223028379273737,2,"[('R', 4, 0.7)]"
11,1.2803404976879142,0.09821728693702086,0.6490834153533465,0.3957741007661703,1,"[('L', 4, 0.7), ('R', 3, -0.7)]"
12,1.0380047568006114,-0.1319794793216258,0.8195956960941558,1.448831575088577,2,"[('R', 4, 0.7)]"
13,1.0380047568006114,0.5586108194543131,1.1037828306621715,1.712095943669179,2,"[('R', 4, 0.7)]"
14,-0.9006811702978099,1.0190043519716065,-1.3402265266227635,-1.3154442950077407,0,"[('L', 4, 0.7), ('L', 3, -0.7)]"
15,-0.29484181807955345,-0.1319794793216258,0.194384000044521,0.13250973218556866,1,"[('L', 4, 0.7), ('R', 3, -0.7)]"
16,0.06866179325140129,-0.1319794793216258,0.25122142695812444,0.3957741007661703,1,"[('L', 4, 0.7), ('R', 3, -0.7)]"
17,-0.1736739476359015,-0.1319794793216258,0.25122142695812444,0.0008775478952676988,1,"[('L', 4, 0.7), ('R', 3, -0.7)]"
18,-1.3853526520724144,0.3284140531956675,-1.2265516727955572,-1.3154442950077407,0,"[('L', 4, 0.7), ('L', 3, -0.7)]"
19,0.6745011454696578,0.3284140531956675,0.42173370769893376,0.3957741007661703,1,"[('L', 4, 0.7), ('R', 3, -0.7)]"
20,1.0380047568006114,0.09821728693702086,1.0469454037485681,1.580463759378878,2,"[('R', 4, 0.7)]"
21,-0.4160096885232043,-1.5131600768735047,-0.03296570760989124,-0.262386820685334,1,"[('L', 4, 0.7), ('R', 3, -0.7)]"
22,-0.5371775589668552,1.939791417006192,-1.3970639535363667,-1.052179926427139,0,"[('L', 4, 0.7), ('L', 3, -0.7)]"
23,1.8861798499061706,-0.5923730118389191,1.3311325383165837,0.9223028379273737,2,"[('R', 4, 0.7)]"
24,-1.2641847816287635,-0.1319794793216258,-1.3402265266227635,-1.18381211071744,0,"[('L', 4, 0.7), ('L', 3, -0.7)]"
25,-0.9006811702978099,1.7095946507475455,-1.056039392054748,-1.052179926427139,0,"[('L', 4, 0.7), ('L', 3, -0.7)]"
26,-0.779513299854158,1.0190043519716065,-1.2833890997091604,-1.3154442950077407,0,"[('L', 4, 0.7), ('L', 3, -0.7)]"
27,-1.0218490407414607,1.0190043519716065,-1.3970639535363667,-1.18381211071744,0,"[('L', 4, 0.7), ('L', 3, -0.7)]"
28,1.1591726272442622,0.3284140531956675,1.2174576844893779,1.448831575088577,2,"[('R', 4, 0.7)]"
29,-0.5371775589668552,1.939791417006192,-1.169714245881954,-1.052179926427139,0,"[('L', 4, 0.7), ('L', 3, -0.7)]"
30,0.310997534138703,-0.5923730118389191,0.13754657313091806,0.13250973218556866,1,"[('L', 4, 0.7), ('R', 3, -0.7)]"
31,1.6438441090188678,-0.1319794793216258,1.1606202575757745,0.5274062850564712,2,"[('L', 4, 0.7), ('R', 3, -0.7)]"
32,-0.9006811702978099,0.7888075857129598,-1.2833890997091604,-1.3154442950077407,0,"[('L', 4, 0.7), ('L', 3, -0.7)]"
33,-1.0218490407414607,-0.1319794793216258,-1.2265516727955572,-1.3154442950077407,0,"[('L', 4, 0.7), ('L', 3, -0.7)]"
34,-0.5371775589668552,-0.1319794793216258,0.42173370769893376,0.3957741007661703,1,"[('L', 4, 0.7), ('R', 3, -0.7)]"
35,0.7956690159133086,0.3284140531956675,0.7627582691805523,1.0539350222176747,2,"[('R', 4, 0.7)]"
36,-1.5065205225160663,1.2492011182302531,-1.567576234277176,-1.3154442950077407,0,"[('L', 4, 0.7), ('L', 3, -0.7)]"
37,0.7956690159133086,-0.1319794793216258,0.8195956960941558,1.0539350222176747,2,"[('R', 4, 0.7)]"
38,-0.5371775589668552,0.7888075857129598,-1.2833890997091604,-1.052179926427139,0,"[('L', 4, 0.7), ('L', 3, -0.7)]"
39,-1.3853526520724144,0.3284140531956675,-1.3970639535363667,-1.3154442950077407,0,"[('L', 4, 0.7), ('L', 3, -0.7)]"
40,-1.2641847816287635,0.7888075857129598,-1.056039392054748,-1.3154442950077407,0,"[('L', 4, 0.7), ('L', 3, -0.7)]"
41,0.5533332750260058,-0.5923730118389191,0.7627582691805523,0.3957741007661703,2,"[('L', 4, 0.7), ('R', 3, -0.7)]"
42,0.7956690159133086,-0.5923730118389191,0.4785711346125367,0.3957741007661703,1,"[('L', 4, 0.7), ('R', 3, -0.7)]"
43,-0.4160096885232043,-1.0527665443562113,0.3648962807853308,0.0008775478952676988,1,"[('L', 4, 0.7), ('R', 3, -0.7)]"
44,-0.4160096885232043,-1.5131600768735047,0.023871719303711698,-0.13075463639503299,1,"[('L', 4, 0.7), ('R', 3, -0.7)]"
45,-0.1736739476359015,1.7095946507475455,-1.169714245881954,-1.18381211071744,0,"[('L', 4, 0.7), ('L', 3, -0.7)]"
46,0.5533332750260058,-0.36217624558027245,1.0469454037485681,0.7906706536370729,2,"[('R', 4, 0.7)]"
47,0.7956690159133086,-0.1319794793216258,0.9901079768349651,0.7906706536370729,2,"[('R', 4, 0.7)]"
48,-0.052506077192250644,-0.5923730118389191,0.7627582691805523,1.580463759378878,2,"[('R', 4, 0.7)]"
49,0.9168368863569595,-0.36217624558027245,0.4785711346125367,0.13250973218556866,1,"[('L', 4, 0.7), ('R', 3, -0.7)]"
50,0.5533332750260058,0.7888075857129598,1.0469454037485681,1.580463759378878,2,"[('R', 4, 0.7)]"
51,-0.779513299854158,2.400184949523484,-1.2833890997091604,-1.4470764792980415,0,"[('L', 4, 0.7), ('L', 3, -0.7)]"
52,-1.0218490407414607,-2.43394714190809,-0.1466405614370976,-0.262386820685334,1,"[('L', 4, 0.7), ('R', 3, -0.7)]"
53,-1.6276883929597172,-1.7433568431321513,-1.3970639535363667,-1.18381211071744,0,"[('L', 4, 0.7), ('L', 3, -0.7)]"
54,-0.1736739476359015,-0.5923730118389191,0.194384000044521,0.13250973218556866,1,"[('L', 4, 0.7), ('R', 3, -0.7)]"
55,-1.748856263403368,0.3284140531956675,-1.3970639535363667,-1.3154442950077407,0,"[('L', 4, 0.7), ('L', 3, -0.7)]"
56,1.2803404976879142,0.09821728693702086,0.9332705499213622,1.1855672065079756,2,"[('R', 4, 0.7)]"
57,-0.1736739476359015,-1.0527665443562113,-0.1466405614370976,-0.262386820685334,1,"[('L', 4, 0.7), ('R', 3, -0.7)]"
58,-1.0218490407414607,1.0190043519716065,-1.2265516727955572,-0.7889155578465374,0,"[('L', 4, 0.7), ('L', 3, -0.7)]"
59,0.310997534138703,-0.1319794793216258,0.6490834153533465,0.7906706536370729,2,"[('R', 4, 0.7)]"
60,-1.5065205225160663,0.09821728693702086,-1.2833890997091604,-1.3154442950077407,0,"[('L', 4, 0.7), ('L', 3, -0.7)]"
61,1.0380047568006114,-0.1319794793216258,0.7059208422669494,0.659038469346772,1,"[('R', 4, 0.7)]"
62,0.310997534138703,-0.1319794793216258,0.4785711346125367,0.2641419164758693,1,"[('L', 4, 0.7), ('R', 3, -0.7)]"
63,1.6438441090188678,0.3284140531956675,1.2742951114029808,0.7906706536370729,2,"[('R', 4, 0.7)]"
64,0.310997534138703,-0.36217624558027245,0.5354085615261401,0.2641419164758693,1,"[('L', 4, 0.7), ('R', 3, -0.7)]"
65,-1.1430169111851116,0.09821728693702086,-1.2833890997091604,-1.4470764792980415,0,"[('L', 4, 0.7), ('L', 3, -0.7)]"
66,0.310997534138703,-0.5923730118389191,0.5354085615261401,0.0008775478952676988,1,"[('L', 4, 0.7), ('R', 3, -0.7)]"
67,1.2803404976879142,0.3284140531956675,1.1037828306621715,1.448831575088577,2,"[('R', 4, 0.7)]"
68,1.0380047568006114,0.09821728693702086,0.3648962807853308,0.2641419164758693,1,"[('L', 4, 0.7), ('R', 3, -0.7)]"
69,-0.5371775589668552,0.7888075857129598,-1.169714245881954,-1.3154442950077407,0,"[('L', 4, 0.7), ('L', 3, -0.7)]"
70,0.6745011454696578,-0.8225697780975647,0.8764331230077588,0.9223028379273737,2,"[('R', 4, 0.7)]"
71,-1.0218490407414607,0.5586108194543131,-1.3402265266227635,-1.3154442950077407,0,"[('L', 4, 0.7), ('L', 3, -0.7)]"
72,1.0380047568006114,0.5586108194543131,1.1037828306621715,1.1855672065079756,2,"[('R', 4, 0.7)]"
73,-0.29484181807955345,-0.5923730118389191,0.6490834153533465,1.0539350222176747,2,"[('R', 4, 0.7)]"
74,0.6745011454696578,-0.5923730118389191,1.0469454037485681,1.3171993907982766,2,"[('R', 4, 0.7)]"
75,-1.5065205225160663,0.3284140531956675,-1.3402265266227635,-1.3154442950077407,0,"[('L', 4, 0.7), ('L', 3, -0.7)]"
76,0.18982966369505214,-0.36217624558027245,0.42173370769893376,0.3957741007661703,1,"[('L', 4, 0.7), ('R', 3, -0.7)]"
77,0.06866179325140129,0.3284140531956675,0.5922459884397431,0.7906706536370729,1,"[('R', 4, 0.7)]"
78,-0.29484181807955345,-0.36217624558027245,-0.08980313452349442,0.13250973218556866,1,"[('L', 4, 0.7), ('R', 3, -0.7)]"
79,1.522676238575216,-0.1319794793216258,1.2174576844893779,1.1855672065079756,2,"[('R', 4, 0.7)]"
80,-0.4160096885232043,2.630381715782132,-1.3402265266227635,-1.3154442950077407,0,"[('L', 4, 0.7), ('L', 3, -0.7)]"
81,-0.9006811702978099,1.7095946507475455,-1.2265516727955572,-1.3154442950077407,0,"[('L', 4, 0.7), ('L', 3, -0.7)]"
82,-0.052506077192250644,-1.0527665443562113,0.13754657313091806,0.0008775478952676988,1,"[('L', 4, 0.7), ('R', 3, -0.7)]"
83,0.5533332750260058,0.5586108194543131,0.5354085615261401,0.5274062850564712,1,"[('L', 4, 0.7), ('R', 3, -0.7)]"
84,0.4321654045823549,-0.36217624558027245,0.3080588538717274,0.13250973218556866,1,"[('L', 4, 0.7), ('R', 3, -0.7)]"
85,1.6438441090188678,1.2492011182302531,1.3311325383165837,1.712095943669179,2,"[('R', 4, 0.7)]"
86,-1.87002413384702,-0.1319794793216258,-1.5107388073635728,-1.4470764792980415,0,"[('L', 4, 0.7), ('L', 3, -0.7)]"
87,0.06866179325140129,-0.1319794793216258,0.7627582691805523,0.7906706536370729,2,"[('R', 4, 0.7)]"
88,0.310997534138703,-1.0527665443562113,1.0469454037485681,0.2641419164758693,2,"[('L', 4, 0.7), ('R', 3, -0.7)]"
89,-0.9006811702978099,1.0190043519716065,-1.3402265266227635,-1.18381211071744,0,"[('L', 4, 0.7), ('L', 3, -0.7)]"
90,1.401508368131565,0.3284140531956675,0.5354085615261401,0.2641419164758693,1,"[('L', 4, 0.7), ('R', 3, -0.7)]"
91,1.0380047568006114,-1.282963310614858,1.1606202575757745,0.7906706536370729,2,"[('R', 4, 0.7)]"
92,-1.0218490407414607,0.7888075857129598,-1.2833890997091604,-1.3154442950077407,0,"[('L', 4, 0.7), ('L', 3, -0.7)]"
93,-0.29484181807955345,-0.1319794793216258,0.42173370769893376,0.3957741007661703,1,"[('L', 4, 0.7), ('R', 3, -0.7)]"
94,-0.4160096885232043,-1.282963310614858,0.13754657313091806,0.13250973218556866,1,"[('L', 4, 0.7), ('R', 3, -0.7)]"
95,1.0380047568006114,0.09821728693702086,0.5354085615261401,0.3957741007661703,1,"[('L', 4, 0.7), ('R', 3, -0.7)]"
96,-1.0218490407414607,-1.7433568431321513,-0.26031541526430396,-0.262386820685334,1,"[('L', 4, 0.7), ('R', 3, -0.7)]"
97,-0.779513299854158,0.7888075857129598,-1.3402265266227635,-1.3154442950077407,0,"[('L', 4, 0.7), ('L', 3, -0.7)]"
98,2.249683461237124,-1.0527665443562113,1.7858319536254093,1.448831575088577,2,"[('R', 4, 0.7)]"
99,-0.6583454294105071,1.4793978844888998,-1.2833890997091604,-1.3154442950077407,0,"[('L', 4, 0.7), ('L', 3, -0.7)]"
100,-0.052506077192250644,-0.8225697780975647,0.7627582691805523,0.9223028379273737,2,"[('R', 4, 0.7)]"
101,-1.2641847816287635,0.7888075857129598,-1.2265516727955572,-1.3154442950077407,0,"[('L', 4, 0.7), ('L', 3, -0.7)]"
102,-1.0218490407414607,0.3284140531956675,-1.4539013804499696,-1.3154442950077407,0,"[('L', 4, 0.7), ('L', 3, -0.7)]"
103,0.7956690159133086,-0.1319794793216258,1.1606202575757745,1.3171993907982766,2,"[('R', 4, 0.7)]"
104,0.5533332750260058,-1.282963310614858,0.7059208422669494,0.9223028379273737,2,"[('R', 4, 0.7)]"
105,0.5533332750260058,-0.8225697780975647,0.6490834153533465,0.7906706536370729,2,"[('R', 4, 0.7)]"
106,0.9168368863569595,-0.1319794793216258,0.3648962807853308,0.2641419164758693,1,"[('L', 4, 0.7), ('R', 3, -0.7)]"
107,-0.9006811702978099,1.7095946507475455,-1.2833890997091604,-1.18381211071744,0,"[('L', 4, 0.7), ('L', 3, -0.7)]"
108,0.6745011454696578,0.09821728693702086,0.9901079768349651,0.7906706536370729,2,"[('R', 4, 0.7)]"
109,-1.2641847816287635,-0.1319794793216258,-1.3402265266227635,-1.4470764792980415,0,"[('L', 4, 0.7), ('L', 3, -0.7)]"
110,2.249683461237124,-0.1319794793216258,1.3311325383165837,1.448831575088577,2,"[('R', 4, 0.7)]"
111,-1.5065205225160663,0.7888075857129598,-1.3402265266227635,-1.18381211071744,0,"[('L', 4, 0.7), ('L', 3, -0.7)]"
112,0.4321654045823549,-0.5923730118389191,0.5922459884397431,0.7906706536370729,2,"[('R', 4, 0.7)]"
113,1.2803404976879142,0.09821728693702086,0.7627582691805523,1.448831575088577,2,"[('R', 4, 0.7)]"
114,-1.1430169111851116,-0.1319794793216258,-1.3402265266227635,-1.3154442950077407,0,"[('L', 4, 0.7), ('L', 3, -0.7)]"
115,-0.29484181807955345,-1.282963310614858,0.08070914621731488,-0.13075463639503299,1,"[('L', 4, 0.7), ('R', 3, -0.7)]"
116,-0.779513299854158,-0.8225697780975647,0.08070914621731488,0.2641419164758693,1,"[('L', 4, 0.7), ('R', 3, -0.7)]"
117,0.18982966369505214,-0.1319794793216258,0.5922459884397431,0.7906706536370729,2,"[('R', 4, 0.7)]"
118,2.1285155907934725,-0.1319794793216258,1.6153196728845993,1.1855672065079756,2,"[('R', 4, 0.7)]"
119,0.5533332750260058,0.5586108194543131,1.2742951114029808,1.712095943669179,2,"[('R', 4, 0.7)]"
120,-1.0218490407414607,1.2492011182302531,-1.3402265266227635,-1.3154442950077407,0,"[('L', 4, 0.7), ('L', 3, -0.7)]"
121,0.6745011454696578,0.3284140531956675,0.8764331230077588,1.448831575088577,2,"[('R', 4, 0.7)]"
122,0.6745011454696578,-0.5923730118389191,1.0469454037485681,1.1855672065079756,2,"[('R', 4, 0.7)]"
123,-1.748856263403368,-0.36217624558027245,-1.3402265266227635,-1.3154442950077407,0,"[('L', 4, 0.7), ('L', 3, -0.7)]"
124,-0.052506077192250644,-0.8225697780975647,0.194384000044521,-0.262386820685334,1,"[('L', 4, 0.7), ('R', 3, -0.7)]"
125,0.4321654045823549,-1.973553609390797,0.42173370769893376,0.3957741007661703,1,"[('L', 4, 0.7), ('R', 3, -0.7)]"
126,-1.1430169111851116,1.2492011182302531,-1.3402265266227635,-1.4470764792980415,0,"[('L', 4, 0.7), ('L', 3, -0.7)]"
127,-0.9006811702978099,-1.282963310614858,-0.4308276960051133,-0.13075463639503299,1,"[('L', 4, 0.7), ('R', 3, -0.7)]"
128,-0.1736739476359015,-0.36217624558027245,0.25122142695812444,0.13250973218556866,1,"[('L', 4, 0.7), ('R', 3, -0.7)]"
129,-1.748856263403368,-0.1319794793216258,-1.3970639535363667,-1.3154442950077407,0,"[('L', 4, 0.7), ('L', 3, -0.7)]"
130,1.1591726272442622,-0.5923730118389191,0.5922459884397431,0.2641419164758693,1,"[('L', 4, 0.7), ('R', 3, -0.7)]"
131,0.5533332750260058,-1.7433568431321513,0.3648962807853308,0.13250973218556866,1,"[('L', 4, 0.7), ('R', 3, -0.7)]"
132,-1.1430169111851116,0.09821728693702086,-1.2833890997091604,-1.3154442950077407,0,"[('L', 4, 0.7), ('L', 3, -0.7)]"
133,-0.9006811702978099,0.5586108194543131,-1.169714245881954,-0.9205477421368382,0,"[('L', 4, 0.7), ('L', 3, -0.7)]"
134,-0.9006811702978099,1.4793978844888998,-1.2833890997091604,-1.052179926427139,0,"[('L', 4, 0.7), ('L', 3, -0.7)]"
135,0.18982966369505214,-1.973553609390797,0.7059208422669494,0.3957741007661703,2,"[('L', 4, 0.7), ('R', 3, -0.7)]"
136,0.18982966369505214,-1.973553609390797,0.13754657313091806,-0.262386820685334,1,"[('L', 4, 0.7), ('R', 3, -0.7)]"
137,-0.1736739476359015,-0.5923730118389191,0.42173370769893376,0.13250973218556866,1,"[('L', 4, 0.7), ('R', 3, -0.7)]"
138,-0.4160096885232043,1.0190043519716065,-1.3970639535363667,-1.3154442950077407,0,"[('L', 4, 0.7), ('L', 3, -0.7)]"
139,-0.1736739476359015,3.0907752482994253,-1.2833890997091604,-1.052179926427139,0,"[('L', 4, 0.7), ('L', 3, -0.7)]"
140,2.492019202124427,1.7095946507475455,1.5016448190573937,1.0539350222176747,2,"[('R', 4, 0.7)]"
141,-1.0218490407414607,0.7888075857129598,-1.2265516727955572,-1.052179926427139,0,"[('L', 4, 0.7), ('L', 3, -0.7)]"
142,0.18982966369505214,-0.8225697780975647,0.7627582691805523,0.5274062850564712,1,"[('L', 4, 0.7), ('R', 3, -0.7)]"
143,-1.1430169111851116,-1.5131600768735047,-0.26031541526430396,-0.262386820685334,1,"[('L', 4, 0.7), ('R', 3, -0.7)]"
144,0.5533332750260058,-1.282963310614858,0.6490834153533465,0.3957741007661703,1,"[('L', 4, 0.7), ('R', 3, -0.7)]"
145,2.249683461237124,-0.5923730118389191,1.672157099798203,1.0539350222176747,2,"[('R', 4, 0.7)]"
146,-1.2641847816287635,0.09821728693702086,-1.2265516727955572,-1.3154442950077407,0,"[('L', 4, 0.7), ('L', 3, -0.7)]"
147,-0.5371775589668552,1.4793978844888998,-1.2833890997091604,-1.3154442950077407,0,"[('L', 4, 0.7), ('L', 3, -0.7)]"
148,0.4321654045823549,0.7888075857129598,0.9332705499213622,1.448831575088577,2,"[('R', 4, 0.7)]"
149,1.7650119794625188,-0.36217624558027245,1.44480739214379,0.7906706536370729,2,"[('R', 4, 0.7)]"
